# logT  f_HII  f_OIII
3.698970004336018746e+00 0.000000000000000000e+00 0.000000000000000000e+00
3.709749528134675511e+00 0.000000000000000000e+00 0.000000000000000000e+00
3.720529051933331832e+00 0.000000000000000000e+00 0.000000000000000000e+00
3.731308575731988597e+00 0.000000000000000000e+00 0.000000000000000000e+00
3.742088099530644918e+00 0.000000000000000000e+00 0.000000000000000000e+00
3.752867623329301683e+00 0.000000000000000000e+00 0.000000000000000000e+00
3.763647147127958448e+00 0.000000000000000000e+00 0.000000000000000000e+00
3.774426670926614769e+00 0.000000000000000000e+00 0.000000000000000000e+00
3.785206194725271533e+00 0.000000000000000000e+00 0.000000000000000000e+00
3.795985718523928298e+00 0.000000000000000000e+00 0.000000000000000000e+00
3.806765242322584619e+00 1.020992561235700159e-04 0.000000000000000000e+00
3.817544766121241384e+00 1.020992561235700159e-04 0.000000000000000000e+00
3.828324289919897705e+00 1.020992561235700159e-04 0.000000000000000000e+00
3.839103813718554470e+00 1.020992561235700159e-04 0.000000000000000000e+00
3.849883337517211235e+00 1.020992561235700159e-04 0.000000000000000000e+00
3.860662861315867556e+00 1.020992561235700159e-04 0.000000000000000000e+00
3.871442385114524320e+00 1.020992561235700159e-04 0.000000000000000000e+00
3.882221908913180641e+00 1.020992561235700159e-04 0.000000000000000000e+00
3.893001432711837406e+00 1.020992561235700159e-04 0.000000000000000000e+00
3.903780956510494171e+00 1.020992561235700159e-04 0.000000000000000000e+00
3.914560480309150492e+00 1.020992561235700159e-04 0.000000000000000000e+00
3.925340004107807257e+00 1.020992561235700159e-04 0.000000000000000000e+00
3.936119527906464022e+00 1.020992561235700159e-04 0.000000000000000000e+00
3.946899051705120343e+00 1.020992561235700159e-04 0.000000000000000000e+00
3.957678575503777108e+00 1.020992561235700159e-04 0.000000000000000000e+00
3.968458099302433428e+00 1.020992561235700159e-04 0.000000000000000000e+00
3.979237623101090193e+00 2.876072701239044179e-04 0.000000000000000000e+00
3.990017146899746958e+00 1.113722433728458897e-03 0.000000000000000000e+00
4.000796670698403723e+00 1.960599003660720100e-03 0.000000000000000000e+00
4.011576194497060044e+00 2.966645775547132550e-03 0.000000000000000000e+00
4.022355718295716365e+00 4.454504584237104631e-03 0.000000000000000000e+00
4.033135242094373574e+00 6.610783534964376033e-03 2.881232340453005104e-16
4.043914765893029895e+00 9.701425546524526655e-03 2.721548899086841850e-15
4.054694289691686215e+00 1.414053539748789251e-02 1.025576561443994012e-14
4.065473813490342536e+00 2.036593407993829430e-02 3.665584082422686140e-14
4.076253337288999745e+00 2.897609298251189666e-02 1.239717034878047786e-13
4.087032861087656066e+00 4.083848296241587156e-02 4.158666990697437040e-13
4.097812384886312387e+00 5.682037514251665755e-02 1.340480175185821661e-12
4.108591908684969596e+00 7.790736336717818400e-02 4.093159239606036437e-12
4.119371432483625917e+00 1.052995965888131880e-01 1.211495626690336207e-11
4.130150956282282237e+00 1.400192723504521952e-01 3.474046502571454880e-11
4.140930480080939446e+00 1.826421716741006562e-01 9.426499790500140450e-11
4.151710003879595767e+00 2.334481593880674277e-01 2.440476826301541453e-10
4.162489527678252088e+00 2.920348623262376542e-01 6.145383365827303374e-10
4.173269051476909297e+00 3.568214506500376748e-01 1.467845905138134520e-09
4.184048575275565618e+00 4.257381869256955942e-01 3.334981036118587817e-09
4.194828099074221939e+00 4.960835122578234335e-01 7.405792903728006672e-09
4.205607622872879148e+00 5.650606401812788837e-01 1.576059130707598261e-08
4.216387146671535469e+00 6.302996627012851238e-01 3.224319185168516084e-08
4.227166670470191789e+00 6.897579106626342549e-01 6.445540560436154540e-08
4.237946194268848110e+00 7.424377809549753682e-01 1.254526451567588402e-07
4.248725718067505319e+00 7.880788527363348228e-01 2.370953671873468542e-07
4.259505241866161640e+00 8.267102996568281847e-01 4.388072832470640927e-07
4.270284765664817961e+00 8.588391707155389465e-01 7.991301700494825705e-07
4.281064289463475170e+00 8.853796092307395504e-01 1.422474389801483000e-06
4.291843813262131491e+00 9.070767386030401669e-01 2.482430084641218356e-06
4.302623337060787811e+00 9.245840758358871980e-01 4.289314288444421997e-06
4.313402860859445020e+00 9.387807621302645122e-01 7.271010265738427017e-06
4.324182384658101341e+00 9.502586685994127702e-01 1.210380896310052128e-05
4.334961908456757662e+00 9.594532781916110808e-01 1.996006010292844808e-05
4.345741432255413983e+00 9.668772631116514527e-01 3.240641759157937926e-05
4.356520956054071192e+00 9.728824929574786395e-01 5.175524621705633431e-05
4.367300479852727513e+00 9.777195043682253006e-01 8.170709837711353910e-05
4.378080003651383834e+00 9.816321226162413316e-01 1.273923032951589150e-04
4.388859527450041043e+00 9.848170546843897366e-01 1.955825935646370831e-04
4.399639051248697363e+00 9.874078506562219415e-01 2.963372862837876701e-04
4.410418575047353684e+00 9.895144659534121923e-01 4.442791027277523093e-04
4.421198098846010893e+00 9.912442280127425898e-01 6.563738015141454447e-04
4.431977622644667214e+00 9.926675332756785819e-01 9.560394163312357614e-04
4.442757146443323535e+00 9.938325155478441308e-01 1.379581497726703769e-03
4.453536670241980744e+00 9.947981543467139254e-01 1.963180297840264304e-03
4.464316194040637065e+00 9.956004469831174486e-01 2.756091850070732565e-03
4.475095717839293386e+00 9.962648249250728449e-01 3.829071783920529048e-03
4.485875241637950595e+00 9.968193424619945509e-01 5.255772071544913791e-03
4.496654765436606915e+00 9.972844114977271746e-01 7.123442506094642551e-03
4.507434289235263236e+00 9.976740323700074020e-01 9.549987848931667384e-03
4.518213813033920445e+00 9.980013932498592588e-01 1.266882407460246003e-02
4.528993336832576766e+00 9.982784358290675009e-01 1.661124250413375733e-02
4.539772860631233087e+00 9.985131094328855150e-01 2.154528451938283323e-02
4.550552384429889408e+00 9.987115489972829829e-01 2.768422243005169703e-02
4.561331908228546617e+00 9.988809261660567262e-01 3.519045848866692028e-02
4.572111432027202937e+00 9.990258063458632432e-01 4.426698308911714702e-02
4.582890955825859258e+00 9.991492368435537230e-01 5.518920167374063296e-02
4.593670479624516467e+00 9.992553590611601422e-01 6.811885050229647687e-02
4.604450003423172788e+00 9.993468516920250844e-01 8.324567760376770653e-02
4.615229527221829109e+00 9.994255641682999736e-01 1.008000561418624652e-01
4.626009051020485430e+00 9.994936023578095963e-01 1.209038141408142752e-01
4.636788574819142639e+00 9.995526955574474126e-01 1.436156341641659506e-01
4.647568098617798960e+00 9.996040011770772615e-01 1.689963884156929219e-01
4.658347622416455280e+00 9.996485731894977356e-01 1.970211183167819569e-01
4.669127146215112489e+00 9.996875531369364687e-01 2.275087951043239798e-01
4.679906670013768810e+00 9.997216864996233410e-01 2.602592911528969766e-01
4.690686193812425131e+00 9.997514807240389656e-01 2.950101404778306402e-01
4.701465717611082340e+00 9.997777052048830715e-01 3.313408498049203454e-01
4.712245241409738661e+00 9.998008254904354741e-01 3.688341349142083558e-01
4.723024765208394982e+00 9.998211483471910466e-01 4.070047899209408571e-01
4.733804289007052191e+00 9.998391196403348946e-01 4.453511809853784031e-01
4.744583812805708511e+00 9.998550574367709443e-01 4.833959619658586560e-01
4.755363336604364832e+00 9.998691721081168771e-01 5.206284517513134480e-01
4.766142860403022041e+00 9.998817017753958147e-01 5.565949751634247100e-01
4.776922384201678362e+00 9.998928750857045689e-01 5.909477655527602957e-01
4.787701908000334683e+00 9.999028398293460240e-01 6.233197026740419089e-01
4.798481431798991892e+00 9.999117176001849350e-01 6.533466913635246343e-01
4.809260955597648213e+00 9.999196752083974182e-01 6.808833127396016760e-01
4.820040479396304534e+00 9.999268175154851779e-01 7.057339129146616985e-01
4.830820003194961743e+00 9.999332046757578585e-01 7.275912875343688579e-01
4.841599526993618063e+00 9.999389563220777433e-01 7.464536039028655257e-01
4.852379050792274384e+00 9.999441431368989441e-01 7.622092164332883168e-01
4.863158574590930705e+00 9.999488102472224860e-01 7.746492147434644870e-01
4.873938098389587914e+00 9.999530253082529185e-01 7.837364220902555134e-01
4.884717622188244235e+00 9.999568432835609366e-01 7.894323486971231985e-01
4.895497145986900556e+00 9.999602986440705443e-01 7.915986968855178718e-01
4.906276669785556876e+00 9.999634278932849618e-01 7.901493396770361555e-01
4.917056193584214085e+00 9.999662741101044139e-01 7.851333576745643805e-01
4.927835717382870406e+00 9.999688640414603480e-01 7.765193215847034924e-01
4.938615241181526727e+00 9.999712155737966457e-01 7.642375958130873670e-01
4.949394764980183936e+00 9.999733627337021868e-01 7.484900967833229002e-01
4.960174288778840257e+00 9.999753252672327619e-01 7.294053978806316341e-01
4.970953812577496578e+00 9.999771139189876923e-01 7.070874733179079996e-01
4.981733336376153787e+00 9.999787518900732364e-01 6.818857140880434375e-01
4.992512860174810108e+00 9.999802543822762235e-01 6.541268198592899985e-01
5.003292383973466428e+00 9.999816303839536014e-01 6.241477649243647452e-01
5.014071907772123637e+00 9.999828930847529662e-01 5.923926127681073961e-01
5.024851431570779958e+00 9.999840552426214613e-01 5.593168766530487446e-01
5.035630955369436279e+00 9.999851244192662358e-01 5.253648776443575752e-01
5.046410479168093488e+00 9.999861074687097506e-01 4.910037609671660253e-01
5.057190002966749809e+00 9.999870151034592203e-01 4.566430983306143387e-01
5.067969526765406130e+00 9.999878537162220082e-01 4.226587952584918151e-01
5.078749050564063339e+00 9.999886261815112976e-01 3.894590488013032759e-01
5.089528574362719660e+00 9.999893415086084092e-01 3.572697386247659646e-01
5.100308098161375980e+00 9.999900044400540366e-01 3.263168524981204799e-01
5.111087621960033189e+00 9.999906174444207485e-01 2.968496338424115866e-01
5.121867145758689510e+00 9.999911860589154600e-01 2.689542043604257193e-01
5.132646669557345831e+00 9.999917144754488785e-01 2.426899940050897264e-01
5.143426193356002152e+00 9.999922049858642747e-01 2.181500678363565981e-01
5.154205717154659361e+00 9.999926606440054933e-01 1.953536148148063700e-01
5.164985240953315682e+00 9.999930851890697081e-01 1.742381689606858630e-01
5.175764764751972002e+00 9.999934807231157796e-01 1.547916657293484377e-01
5.186544288550628323e+00 9.999938486582947705e-01 1.370185633353932508e-01
5.197323812349285532e+00 9.999941923100790220e-01 1.207881460829796638e-01
5.208103336147941853e+00 9.999945134881949027e-01 1.060358583041049185e-01
5.218882859946598174e+00 9.999948128383325807e-01 9.275406704517401291e-02
5.229662383745255383e+00 9.999950929824532597e-01 8.079918526378139509e-02
5.240441907543911704e+00 9.999953554019336277e-01 7.008572586261420378e-02
5.251221431342568025e+00 9.999956007978511030e-01 6.056698457715471023e-02
5.262000955141225234e+00 9.999958307009441105e-01 5.213609766350742192e-02
5.272780478939881554e+00 9.999960465212045513e-01 4.468820394053795581e-02
5.283560002738537875e+00 9.999962489766602847e-01 3.815540422722261266e-02
5.294339526537195084e+00 9.999964388443731700e-01 3.246128466712826927e-02
5.305119050335851405e+00 9.999966174438851274e-01 2.749832073976228239e-02
5.315898574134507726e+00 9.999967854852594984e-01 2.319391887097293353e-02
5.326678097933164935e+00 9.999969432289932403e-01 1.949679170423035748e-02
5.337457621731821256e+00 9.999970918960654487e-01 1.631097479121249028e-02
5.348237145530477576e+00 9.999972320795444958e-01 1.357581628190440357e-02
5.359016669329134785e+00 9.999973639704773376e-01 1.124916630907976493e-02
5.369796193127791106e+00 9.999974884098362660e-01 9.266234950144539365e-03
5.380575716926447427e+00 9.999976059576971554e-01 7.579481670851919047e-03
5.391355240725104636e+00 9.999977168535196803e-01 6.155890776236370987e-03
5.402134764523760957e+00 9.999978215609288679e-01 4.958553807319671276e-03
5.412914288322417278e+00 9.999979206363754924e-01 3.952999500896199093e-03
5.423693812121074487e+00 9.999980143475950545e-01 3.116289033989868163e-03
5.434473335919730808e+00 9.999981028891138379e-01 2.429132792869782929e-03
5.445252859718387128e+00 9.999981868013857467e-01 1.867080791816453896e-03
5.456032383517043449e+00 9.999982663594699783e-01 1.413630242723665524e-03
5.466811907315699770e+00 9.999983415879951654e-01 1.057111964129297350e-03
5.477591431114356979e+00 9.999984129835408631e-01 7.785925962780638598e-04
5.488370954913013300e+00 9.999984807737937187e-01 5.649537026735547418e-04
5.499150478711669621e+00 9.999985469151956297e-01 4.054902553222917332e-04
5.509930002510326830e+00 9.999986080619895912e-01 2.878369458713132129e-04
5.520709526308983150e+00 9.999986657441447546e-01 2.020992561235700159e-04
5.531489050107639471e+00 9.999987205944760316e-01 1.409211816048848182e-04
5.542268573906296680e+00 9.999987727457304576e-01 9.784741075704633708e-05
5.553048097704953001e+00 9.999988224372364787e-01 6.754121020423751640e-05
5.563827621503609322e+00 9.999988697779057523e-01 4.646010721862683213e-05
5.574607145302266531e+00 9.999989147973447068e-01 3.202863713428970272e-05
5.585386669100922852e+00 9.999989577391673601e-01 2.203470171190399600e-05
5.596166192899579173e+00 9.999989987110143863e-01 1.514465666023822372e-05
5.606945716698236382e+00 9.999990377157329524e-01 1.046340830939795812e-05
5.617725240496892702e+00 9.999990749451115324e-01 7.236973838497959325e-06
5.628504764295549023e+00 9.999991105053245288e-01 5.010141193179125798e-06
5.639284288094206232e+00 9.999991444234581639e-01 3.485902527564539738e-06
5.650063811892862553e+00 9.999991768053781982e-01 2.435028085626292881e-06
5.660843335691518874e+00 9.999992077688160119e-01 1.704165334844117626e-06
5.671622859490176083e+00 9.999992373582036187e-01 1.197490943940944804e-06
5.682402383288832404e+00 9.999992656140872516e-01 8.465868505497456852e-07
5.693181907087488725e+00 9.999992926606438015e-01 5.998882008838116892e-07
5.703961430886145934e+00 9.999993185544793217e-01 4.262581779906476064e-07
5.714740954684801366e+00 9.999993432869420662e-01 3.052139156226760270e-07
5.725520478483458575e+00 9.999993669849644995e-01 2.190785768630164289e-07
5.736300002282115784e+00 9.999993896978512931e-01 1.576755743119042707e-07
5.747079526080771217e+00 9.999994114270495116e-01 1.142158220695552599e-07
5.757859049879428426e+00 9.999994322528658053e-01 8.304253118526359275e-08
5.768638573678084747e+00 9.999994522322629420e-01 6.054014290965491070e-08
5.779418097476741067e+00 9.999994713795800072e-01 4.435562855472992808e-08
5.790197621275398276e+00 9.999994897335892086e-01 3.265881362618975742e-08
5.800977145074054597e+00 9.999995073579722726e-01 2.411088883795574250e-08
5.811756668872710918e+00 9.999995242767196757e-01 1.786578965568133048e-08
5.822536192671368127e+00 9.999995404965711376e-01 1.331830369488518798e-08
5.833315716470024448e+00 9.999995560854524346e-01 9.954998590321096809e-09
5.844095240268680769e+00 9.999995710713478481e-01 7.462369288453352259e-09
5.854874764067337978e+00 9.999995854458301192e-01 5.629768965054159992e-09
5.865654287865994299e+00 9.999995992698345049e-01 4.260176825571954331e-09
5.876433811664650619e+00 9.999996125702268479e-01 3.233237055468402712e-09
5.887213335463307828e+00 9.999996253480715191e-01 2.466893513698723292e-09
5.897992859261964149e+00 9.999996376371733664e-01 1.890001492633425544e-09
5.908772383060620470e+00 9.999996494702279026e-01 1.452429106609026312e-09
5.919551906859277679e+00 9.999996608556797062e-01 1.121060336660066080e-09
5.930331430657934000e+00 9.999996718059451783e-01 8.697302978122869298e-10
5.941110954456590321e+00 9.999996823578611860e-01 6.768791462856371537e-10
5.951890478255247530e+00 9.999996925255584257e-01 5.286750686786139596e-10
5.962670002053903850e+00 9.999997023046792721e-01 4.153672718143496624e-10
5.973449525852560171e+00 9.999997117348783382e-01 3.273921014807250451e-10
5.984229049651217380e+00 9.999997208302781049e-01 2.589059216389749527e-10
5.995008573449872813e+00 9.999997295864581082e-01 2.058608689019158743e-10
6.005788097248530022e+00 9.999997380318562668e-01 1.642754817542024956e-10
6.016567621047187231e+00 9.999997461829530643e-01 1.315014690788449945e-10
6.027347144845842664e+00 9.999997540408749330e-01 1.057180217580262705e-10
6.038126668644499873e+00 9.999997616194138406e-01 8.532412053722856203e-11
6.048906192443157082e+00 9.999997689385881072e-01 6.905078030143310143e-11
6.059685716241812514e+00 9.999997760039261996e-01 5.605573575667119910e-11
6.070465240040469723e+00 9.999997828174989056e-01 4.568084943511055678e-11
6.081244763839126044e+00 9.999997894019332367e-01 3.730047795789605553e-11
6.092024287637782365e+00 9.999997957659114700e-01 3.051223558029495952e-11
6.102803811436439574e+00 9.999998019031062224e-01 2.504322521672060201e-11
6.113583335235095895e+00 9.999998078370753163e-01 2.054859289627538165e-11
6.124362859033752216e+00 9.999998135756680284e-01 1.690158888857839739e-11
6.135142382832409425e+00 9.999998191167076556e-01 1.392629473025116864e-11
6.145921906631065745e+00 9.999998244734917829e-01 1.148192659582634974e-11
6.156701430429722066e+00 9.999998296567356171e-01 9.464896440372850120e-12
6.167480954228379275e+00 9.999998346676288730e-01 7.804251201273374959e-12
6.178260478027035596e+00 9.999998395111160399e-01 6.436997111536896493e-12
6.189040001825691917e+00 9.999998442001245547e-01 5.303749490972220273e-12
6.199819525624349126e+00 9.999998487385578505e-01 4.365529660937535073e-12
6.210599049423005447e+00 9.999998531245908318e-01 3.592881043326679751e-12
6.221378573221661767e+00 9.999998573728254847e-01 2.951657003029906292e-12
6.232158097020318976e+00 9.999998614880789560e-01 2.420113777918036356e-12
6.242937620818975297e+00 9.999998654668480480e-01 1.982921654253380420e-12
6.253717144617631618e+00 9.999998693211917811e-01 1.618948322472899742e-12
6.264496668416288827e+00 9.999998730565985428e-01 1.318086679770832835e-12
6.275276192214945148e+00 9.999998766721331922e-01 1.073377165321160664e-12
6.286055716013601469e+00 9.999998801737972620e-01 8.721908734007161019e-13
6.296835239812258678e+00 9.999998835688834742e-01 7.064171964488757975e-13
6.307614763610914110e+00 9.999998868585651124e-01 5.705304267381178427e-13
6.318394287409571319e+00 9.999998900438595850e-01 4.598942961915497220e-13
6.329173811208228528e+00 9.999998931334763697e-01 3.692381168222326354e-13
6.339953335006883961e+00 9.999998961303119271e-01 2.954649569906461999e-13
6.350732858805541170e+00 9.999998990312992664e-01 2.358911955548356981e-13
6.361512382604197491e+00 9.999999018462442102e-01 1.875995228891494117e-13
6.372291906402853812e+00 9.999999045779415230e-01 1.486850049742861939e-13
6.383071430201511021e+00 9.999999072244946108e-01 1.173792559738363321e-13
6.393850954000167341e+00 9.999999097920413416e-01 9.243482078269371085e-14
6.404630477798823662e+00 9.999999122845575350e-01 7.254240377089969318e-14
6.415410001597480871e+00 9.999999147017816226e-01 5.674532121586058595e-14
6.426189525396137192e+00 9.999999170461337794e-01 4.425566918243454396e-14
6.436969049194793513e+00 9.999999193227540051e-01 3.441522800231904368e-14
6.447748572993450722e+00 9.999999215327378677e-01 2.665926505530471558e-14
6.458528096792107043e+00 9.999999236754182341e-01 2.064789695675344518e-14
6.469307620590763364e+00 9.999999257568624733e-01 1.598354451319454840e-14
6.480087144389420573e+00 9.999999277789616281e-01 1.235633720915473598e-14
6.490866668188076893e+00 9.999999297394706055e-01 9.450088862707036051e-15
6.501646191986733214e+00 9.999999316442116370e-01 7.252693080657948017e-15
6.512425715785390423e+00 9.999999334951960028e-01 5.561144542671510832e-15
6.523205239584046744e+00 9.999999352914491491e-01 4.300143715366488821e-15
6.533984763382703065e+00 9.999999370359875517e-01 3.230321439689177105e-15
6.544764287181360274e+00 9.999999387317651811e-01 2.559119009496325170e-15
6.555543810980016595e+00 9.999999403788739638e-01 1.887939599325597034e-15
6.566323334778672915e+00 9.999999419779754817e-01 1.479520139676441209e-15
6.577102858577330124e+00 9.999999435327902031e-01 1.124823144709375191e-15
6.587882382375985557e+00 9.999999450443021187e-01 0.000000000000000000e+00
6.598661906174642766e+00 9.999999465112031638e-01 0.000000000000000000e+00
6.609441429973299975e+00 9.999999479378310907e-01 0.000000000000000000e+00
6.620220953771955408e+00 9.999999493253576288e-01 0.000000000000000000e+00
6.631000477570612617e+00 9.999999506724981391e-01 0.000000000000000000e+00
6.641780001369268938e+00 9.999999519824184224e-01 0.000000000000000000e+00
6.652559525167925258e+00 9.999999532567254157e-01 0.000000000000000000e+00
6.663339048966582467e+00 9.999999544949736974e-01 0.000000000000000000e+00
6.674118572765238788e+00 9.999999556985168514e-01 0.000000000000000000e+00
6.684898096563895109e+00 9.999999568695880914e-01 0.000000000000000000e+00
6.695677620362552318e+00 9.999999580084504291e-01 0.000000000000000000e+00
6.706457144161208639e+00 9.999999591149282274e-01 0.000000000000000000e+00
6.717236667959864960e+00 9.999999601917672898e-01 0.000000000000000000e+00
6.728016191758522169e+00 9.999999612398270399e-01 0.000000000000000000e+00
6.738795715557178490e+00 9.999999622576457581e-01 0.000000000000000000e+00
6.749575239355834810e+00 9.999999632483844714e-01 0.000000000000000000e+00
6.760354763154492019e+00 9.999999642127926913e-01 0.000000000000000000e+00
6.771134286953148340e+00 9.999999651501605413e-01 0.000000000000000000e+00
6.781913810751804661e+00 9.999999660621547992e-01 0.000000000000000000e+00
6.792693334550461870e+00 9.999999669500618804e-01 0.000000000000000000e+00
6.803472858349118191e+00 9.999999678137354575e-01 0.000000000000000000e+00
6.814252382147774512e+00 9.999999686536473753e-01 0.000000000000000000e+00
6.825031905946431721e+00 9.999999694715053788e-01 0.000000000000000000e+00
6.835811429745088041e+00 9.999999702676410918e-01 0.000000000000000000e+00
6.846590953543744362e+00 9.999999710415133913e-01 0.000000000000000000e+00
6.857370477342401571e+00 9.999999717951766343e-01 0.000000000000000000e+00
6.868150001141057004e+00 9.999999725291721653e-01 0.000000000000000000e+00
6.878929524939714213e+00 9.999999732426864130e-01 0.000000000000000000e+00
6.889709048738371422e+00 9.999999739374738628e-01 0.000000000000000000e+00
6.900488572537026855e+00 9.999999746142205215e-01 0.000000000000000000e+00
6.911268096335684064e+00 9.999999752725604596e-01 0.000000000000000000e+00
6.922047620134341273e+00 9.999999759133105792e-01 0.000000000000000000e+00
6.932827143932996705e+00 9.999999765375002792e-01 0.000000000000000000e+00
6.943606667731653914e+00 9.999999771451465458e-01 0.000000000000000000e+00
6.954386191530310235e+00 9.999999777362655884e-01 0.000000000000000000e+00
6.965165715328966556e+00 9.999999783121730212e-01 0.000000000000000000e+00
6.975945239127623765e+00 9.999999788732113482e-01 0.000000000000000000e+00
6.986724762926280086e+00 9.999999794187168778e-01 0.000000000000000000e+00
6.997504286724936406e+00 9.999999799502405917e-01 0.000000000000000000e+00
7.008283810523593615e+00 9.999999805358597005e-01 0.000000000000000000e+00
7.019063334322249936e+00 9.999999811226720769e-01 0.000000000000000000e+00
7.029842858120906257e+00 9.999999816908944350e-01 0.000000000000000000e+00
7.040622381919563466e+00 9.999999822414529227e-01 0.000000000000000000e+00
7.051401905718219787e+00 9.999999827743059067e-01 0.000000000000000000e+00
7.062181429516876108e+00 9.999999832900510199e-01 0.000000000000000000e+00
7.072960953315533317e+00 9.999999837898803090e-01 0.000000000000000000e+00
7.083740477114189638e+00 9.999999842740625589e-01 0.000000000000000000e+00
7.094520000912845958e+00 9.999999847424910770e-01 0.000000000000000000e+00
7.105299524711503167e+00 9.999999851965655218e-01 0.000000000000000000e+00
7.116079048510159488e+00 9.999999856367421947e-01 0.000000000000000000e+00
7.126858572308815809e+00 9.999999860625357062e-01 0.000000000000000000e+00
7.137638096107473018e+00 9.999999864753065237e-01 0.000000000000000000e+00
7.148417619906129339e+00 9.999999868755288235e-01 0.000000000000000000e+00
7.159197143704785660e+00 9.999999872630063180e-01 0.000000000000000000e+00
7.169976667503442869e+00 9.999999876384597641e-01 0.000000000000000000e+00
7.180756191302098301e+00 9.999999880025739474e-01 0.000000000000000000e+00
7.191535715100755510e+00 9.999999883553919444e-01 0.000000000000000000e+00
7.202315238899412719e+00 9.999999886971024932e-01 0.000000000000000000e+00
7.213094762698068152e+00 9.999999890285584669e-01 0.000000000000000000e+00
7.223874286496725361e+00 9.999999893500003401e-01 0.000000000000000000e+00
7.234653810295381682e+00 9.999999896611760919e-01 0.000000000000000000e+00
7.245433334094038003e+00 9.999999899630707123e-01 0.000000000000000000e+00
7.256212857892695212e+00 9.999999902559693066e-01 0.000000000000000000e+00
7.266992381691351532e+00 9.999999905396103062e-01 0.000000000000000000e+00
7.277771905490007853e+00 9.999999908147273464e-01 0.000000000000000000e+00
7.288551429288665062e+00 9.999999910816942394e-01 0.000000000000000000e+00
7.299330953087321383e+00 9.999999913404344909e-01 0.000000000000000000e+00
7.310110476885977704e+00 9.999999915912779480e-01 0.000000000000000000e+00
7.320890000684634913e+00 9.999999918347326489e-01 0.000000000000000000e+00
7.331669524483291234e+00 9.999999920708755319e-01 0.000000000000000000e+00
7.342449048281947555e+00 9.999999922996998247e-01 0.000000000000000000e+00
7.353228572080604764e+00 9.999999925218211461e-01 0.000000000000000000e+00
7.364008095879261084e+00 9.999999927374434439e-01 0.000000000000000000e+00
7.374787619677917405e+00 9.999999929462803916e-01 0.000000000000000000e+00
7.385567143476574614e+00 9.999999931490322069e-01 0.000000000000000000e+00
7.396346667275230935e+00 9.999999933458800783e-01 0.000000000000000000e+00
7.407126191073887256e+00 9.999999935366896686e-01 0.000000000000000000e+00
7.417905714872544465e+00 9.999999937218443380e-01 0.000000000000000000e+00
7.428685238671200786e+00 9.999999939016346318e-01 0.000000000000000000e+00
7.439464762469857106e+00 9.999999940760461170e-01 0.000000000000000000e+00
7.450244286268514315e+00 9.999999942452035828e-01 0.000000000000000000e+00
7.461023810067169748e+00 9.999999944094842830e-01 0.000000000000000000e+00
7.471803333865826957e+00 9.999999945689732606e-01 0.000000000000000000e+00
7.482582857664484166e+00 9.999999947235798103e-01 0.000000000000000000e+00
7.493362381463139599e+00 9.999999948737500199e-01 0.000000000000000000e+00
7.504141905261796808e+00 9.999999950196133414e-01 0.000000000000000000e+00
7.514921429060453129e+00 9.999999951610147875e-01 0.000000000000000000e+00
7.525700952859109449e+00 9.999999952983401608e-01 0.000000000000000000e+00
7.536480476657766658e+00 9.999999954317450035e-01 0.000000000000000000e+00
7.547260000456422979e+00 9.999999955611665881e-01 0.000000000000000000e+00
7.558039524255079300e+00 9.999999956867930972e-01 0.000000000000000000e+00
7.568819048053736509e+00 9.999999958088487961e-01 0.000000000000000000e+00
7.579598571852392830e+00 9.999999959273486727e-01 0.000000000000000000e+00
7.590378095651049151e+00 9.999999960423140433e-01 0.000000000000000000e+00
7.601157619449706360e+00 9.999999961540255722e-01 0.000000000000000000e+00
7.611937143248362680e+00 9.999999962625634176e-01 0.000000000000000000e+00
7.622716667047019001e+00 9.999999963678090076e-01 0.000000000000000000e+00
7.633496190845676210e+00 9.999999964700875266e-01 0.000000000000000000e+00
7.644275714644332531e+00 9.999999965694837956e-01 0.000000000000000000e+00
7.655055238442988852e+00 9.999999966659133266e-01 0.000000000000000000e+00
7.665834762241646061e+00 9.999999967595862849e-01 0.000000000000000000e+00
7.676614286040302382e+00 9.999999968506296799e-01 0.000000000000000000e+00
7.687393809838958703e+00 9.999999969390201970e-01 0.000000000000000000e+00
7.698173333637615912e+00 9.999999970248384384e-01 0.000000000000000000e+00
7.708952857436272232e+00 9.999999971082567107e-01 0.000000000000000000e+00
7.719732381234928553e+00 9.999999971893027695e-01 0.000000000000000000e+00
7.730511905033584874e+00 9.999999972679484150e-01 0.000000000000000000e+00
7.741291428832242083e+00 9.999999973444024803e-01 0.000000000000000000e+00
7.752070952630898404e+00 9.999999974187264717e-01 0.000000000000000000e+00
7.762850476429554725e+00 9.999999974908294620e-01 0.000000000000000000e+00
7.773630000228211934e+00 9.999999975609208391e-01 0.000000000000000000e+00
7.784409524026868255e+00 9.999999976290661063e-01 0.000000000000000000e+00
7.795189047825524575e+00 9.999999976952219649e-01 0.000000000000000000e+00
7.805968571624181784e+00 9.999999977594974387e-01 0.000000000000000000e+00
7.816748095422838105e+00 9.999999978219942243e-01 0.000000000000000000e+00
7.827527619221494426e+00 9.999999978827095459e-01 0.000000000000000000e+00
7.838307143020150747e+00 9.999999979416671625e-01 0.000000000000000000e+00
7.849086666818807956e+00 9.999999979989984134e-01 0.000000000000000000e+00
7.859866190617464277e+00 9.999999980547344958e-01 0.000000000000000000e+00
7.870645714416120597e+00 9.999999981088275591e-01 0.000000000000000000e+00
7.881425238214777806e+00 9.999999981614330347e-01 0.000000000000000000e+00
7.892204762013434127e+00 9.999999982125917786e-01 0.000000000000000000e+00
7.902984285812090448e+00 9.999999982622523875e-01 0.000000000000000000e+00
7.913763809610747657e+00 9.999999983105328782e-01 0.000000000000000000e+00
7.924543333409403978e+00 9.999999983574896500e-01 0.000000000000000000e+00
7.935322857208060299e+00 9.999999984031027189e-01 0.000000000000000000e+00
7.946102381006717508e+00 9.999999984474239323e-01 0.000000000000000000e+00
7.956881904805373829e+00 9.999999984905331152e-01 0.000000000000000000e+00
7.967661428604030149e+00 9.999999985324378171e-01 0.000000000000000000e+00
7.978440952402687358e+00 9.999999985731329311e-01 0.000000000000000000e+00
7.989220476201343679e+00 9.999999986127183771e-01 0.000000000000000000e+00
8.000000000000000000e+00 9.999999986512239092e-01 0.000000000000000000e+00
